10.33
55.68
23.91
68.67
36.42
19.79
49.37
5.78
5.93
14.89
14.21
3.83
69.27
34.15
49.0
85.65
76.19
96.96
72.26
23.44
16.8
93.92
25.87
11.15
63.49
97.46
62.41
86.82
97.96
5.61
93.01
45.53
32.2
89.7
92.69
13.27
9.42
97.96
51.88
10.1
1.8
26.7
57.08
16.96
5.22
8.08
81.7
74.47
68.48
79.51
68.83
84.7
83.88
93.22
91.74
56.96
9.5
96.82
85.04
37.38
89.67
65.56
49.64
88.69
89.21
95.42
48.12
41.3
59.65
72.17
23.52
19.87
11.21
16.51
94.28
60.34
73.0
67.47
0.75
71.82
85.45
7.41
4.6
64.88
84.54
50.47
71.44
63.13
4.65
13.58
99.08
38.7
48.83
63.98
89.3
63.7
49.05
90.64
98.9
49.66
66.62
78.14
47.99
54.87
63.72
71.2
7.45
75.31
10.25
5.49
35.69
99.5
77.49
46.24
85.49
99.38
9.67
19.84
55.85
50.15
57.7
45.8
20.72
20.21
5.69
76.25
27.0
49.25
19.85
28.78
17.29
37.14
2.13
54.32
99.55
99.42
36.38
16.6
55.53
5.79
73.45
72.13
52.31
7.76
13.64
30.42
97.41
78.33
9.61
43.01
56.91
32.39
31.23
16.82
37.98
69.79
4.67
72.51
22.7
84.92
62.81
71.6
28.28
16.26
20.89
17.72
60.25
67.28
22.61
96.48
20.11
16.24
84.86
56.33
26.19
46.43
6.65
48.49
7.96
70.86
97.41
37.55
37.38
95.51
22.97
66.84
68.62
64.28
63.87
12.29
67.26
54.87
29.79
86.96
23.75
50.09
76.32
64.82
62.28
91.65
26.06
76.55
75.87
34.8
4.5
93.13
41.26
61.17
63.15
53.33
93.08
74.42
77.03
10.3
65.65
98.93
72.18
69.36
43.09
25.11
59.5
64.15
93.53
96.51
25.92
71.59
1.63
14.04
61.24
97.42
55.18
40.03
79.43
73.49
85.97
21.33
27.15
95.76
13.29
14.59
58.65
97.44
88.73
89.11
96.55
95.75
95.52
3.27
90.98
72.71
12.4
98.83
35.37
50.29
12.35
34.23
97.16
98.82
30.05
82.73
73.57
73.54
98.17
54.24
88.35
8.93
22.51
60.46
4.29
12.8
38.47
32.48
37.71
93.17
67.5
16.99
26.45
19.43
70.96
22.77
20.69
66.56
81.03
62.7
37.37
16.19
73.62
38.03
42.94
91.34
36.49
41.75
7.09
83.3
77.44
15.32
0.17
88.45
11.85
79.69
91.06
10.3
66.9
75.03
39.03
98.02
40.32
86.4
62.75
86.26
55.92
2.75
13.2
73.43
64.87
55.21
72.93
25.26
52.3
7.3
53.73
18.97
21.99
24.49
67.17
49.77
48.4
33.47
97.88
5.6
5.11
92.44
18.3
78.91
1.17
32.96
45.51
24.81
83.11
1.25
55.31
93.95
89.13
22.03
37.29
65.16
74.11
31.7
95.49
78.41
59.48
79.42
73.65
21.42
0.24
74.0
11.45
54.91
3.02
63.01
18.9
70.92
73.53
66.09
89.45
